IND SNP01 SNP02 SNP03 SNP04 SNP05 SNP06 SNP07 SNP08 SNP09 SNP10
ind1 0 0 1 2 1 2 1 1 2 1
ind2 0 2 0 1 0 0 0 1 0 0
ind3 0 1 0 1 0 1 1 1 2 0
ind4 0 0 1 2 2 0 1 0 0 1
ind5 0 0 0 0 2 0 0 1 0 0
ind6 0 1 1 1 0 1 1 0 0 0
ind7 1 0 1 0 2 1 1 1 1 1
ind8 1 0 1 0 1 0 0 1 0 1
ind9 0 0 0 0 0 1 0 0 0 0
ind10 0 1 1 1 2 1 2 0 0 1
ind11 1 2 2 1 1 2 0 0 1 0
ind12 2 1 1 0 1 1 0 1 1 0
ind13 1 0 1 0 0 0 0 0 2 0
ind14 2 0 1 1 2 0 0 1 0 2
ind15 0 0 0 1 0 0 1 1 1 2
ind16 0 0 1 1 2 0 0 2 2 0
ind17 1 1 0 0 1 0 1 0 0 1
ind18 1 0 0 0 0 1 1 0 1 1
ind19 0 1 0 1 1 0 0 0 0 1
ind20 0 0 1 1 0 0 0 0 1 0
ind21 1 0 0 1 0 1 1 1 0 2
ind22 1 0 2 0 0 2 0 0 1 1
ind23 0 0 1 1 0 0 0 0 1 1
ind24 1 1 0 1 0 0 0 0 1 1
ind25 0 0 1 1 0 0 0 0 1 1
ind26 1 1 0 0 1 2 0 1 0 0
ind27 0 1 1 1 2 1 0 2 1 0
ind28 2 0 0 2 0 1 1 1 0 0
ind29 1 1 0 0 1 1 0 1 1 0
ind30 1 0 0 2 1 1 0 1 0 0
ind31 1 0 0 0 1 1 2 0 2 1
ind32 2 1 2 0 0 0 0 2 1 1
ind33 1 0 0 0 1 0 0 0 0 1
ind34 2 0 1 0 0 0 2 0 0 0
ind35 1 1 0 0 2 0 0 1 0 0
ind36 0 1 0 1 1 0 0 1 0 1
ind37 1 1 1 0 0 1 1 1 0 1
ind38 0 0 1 2 1 0 2 1 1 1
ind39 0 0 0 0 1 1 0 2 1 0
ind40 0 0 0 1 1 1 1 0 0 1
ind41 1 1 0 0 0 1 0 0 0 1
ind42 2 0 1 1 1 1 0 2 0 1
ind43 0 1 1 0 1 1 1 1 1 1
ind44 1 1 1 0 0 0 1 1 1 1
ind45 1 1 0 0 1 0 0 0 0 1
ind46 1 1 0 1 0 0 0 0 1 1
ind47 1 0 0 0 0 0 0 1 1 1
ind48 0 1 0 0 0 0 0 1 0 1
ind49 0 1 0 1 1 1 0 1 1 1
ind50 1 0 1 1 1 0 1 1 0 1
ind51 1 0 1 1 1 0 0 0 1 1
ind52 1 1 1 0 0 1 0 0 2 2
ind53 2 1 1 1 0 0 0 0 1 1
ind54 2 0 2 1 0 1 0 1 0 1
ind55 1 0 0 1 2 0 0 0 0 1
ind56 1 0 0 1 0 0 1 1 0 0
ind57 0 0 1 1 0 2 0 1 0 0
ind58 2 1 1 0 2 1 0 1 1 1
ind59 2 0 1 1 1 1 0 2 0 1
ind60 1 0 0 0 1 1 1 0 1 1
ind61 1 1 0 1 1 1 1 1 1 1
ind62 0 1 0 0 0 1 0 1 1 0
ind63 0 1 0 0 1 0 0 2 0 0
ind64 0 1 0 0 1 1 0 1 2 1
ind65 1 1 1 2 0 0 0 1 1 0
ind66 0 1 1 1 1 0 1 0 0 1
ind67 2 0 0 1 0 0 1 1 0 0
ind68 0 1 1 0 0 1 1 1 0 1
ind69 1 0 0 0 1 0 0 0 0 1
ind70 0 0 1 0 0 2 0 0 1 0
ind71 0 0 2 0 1 0 1 1 0 2
ind72 1 1 2 0 1 0 0 0 1 0
ind73 0 1 1 1 0 0 1 1 0 0
ind74 0 1 1 0 0 0 0 1 1 2
ind75 2 1 0 1 1 0 0 1 0 0
ind76 0 0 0 2 1 1 1 1 0 1
ind77 1 0 1 1 1 2 1 1 0 1
ind78 2 1 0 1 1 0 1 1 1 1
ind79 0 0 1 0 2 1 0 1 1 0
ind80 0 0 1 1 1 0 1 2 0 1
ind81 2 0 1 0 0 0 0 2 0 1
ind82 1 1 1 0 1 0 1 0 1 0
ind83 0 1 0 0 2 1 0 0 1 1
ind84 0 1 1 1 0 0 1 0 0 2
ind85 1 1 1 2 0 0 1 0 1 2
ind86 1 0 2 2 1 1 0 0 0 0
ind87 0 1 0 2 1 0 1 1 0 0
ind88 1 0 1 1 0 1 0 1 1 0
ind89 0 1 1 0 1 0 0 1 0 1
ind90 0 0 1 1 1 0 0 2 0 2
ind91 0 1 0 1 0 2 0 1 0 1
ind92 1 0 1 1 1 0 1 1 1 0
ind93 0 0 0 1 1 0 1 0 1 1
ind94 1 2 0 0 2 1 0 0 1 0
ind95 1 1 0 0 0 0 2 0 1 0
ind96 0 1 1 0 0 0 0 0 1 2
ind97 1 1 0 1 0 0 0 1 0 2
ind98 0 0 0 1 0 0 1 1 0 1
ind99 0 0 1 1 1 1 0 0 1 1
ind100 1 1 0 1 1 1 0 1 0 0
